20250210_111952_030_jpg.rf.e0818ea277e4243d21d37ef5538d3b51.jpg 74,479,666,1450,1
20250210_112026_016_jpg.rf.e09fcc26ab5b2ddfb916018c1e95d2d2.jpg 443,269,1569,831,1
20250210_112026_017_jpg.rf.de77cdbffdfdbf0a09fb064c556c95b6.jpg 406,182,1632,944,1
20250210_112026_007_jpg.rf.df41a3748e97f9685242f8ab8cd8ac50.jpg 427,128,1593,822,1
20250210_112026_018_jpg.rf.e3ec1fbde829cd0f757342274479e3c7.jpg 428,215,1602,928,1
20250210_112026_024_jpg.rf.f3eeec8f986f2b2d5ae85a0d66fd3775.jpg 505,271,1531,801,1
20250210_112026_012_jpg.rf.f669b3bcc39325f1029b6880e54da9cd.jpg 397,269,1562,881,1
20250210_112309_017_jpg.rf.e11843e74e2cb304b967ab4b167f3ea1.jpg 177,635,627,1375,1
20250210_112026_014_jpg.rf.ea6a62c0ce1a160d77d83711193cc037.jpg 402,230,1593,880,1
20250210_111952_018_jpg.rf.ff5d02dd3bc5eb4dfcdf49d1841d77e0.jpg 0,668,940,1503,1
20250210_112309_007_jpg.rf.fcd8e6c87d8910295472be37ec59c2da.jpg 47,425,917,1661,1
20250210_112309_004_jpg.rf.0a3bc8e51c6438eda477b700f169fc0f.jpg 70,447,749,1631,1
20250210_112026_002_jpg.rf.16ac3830bc0c469710e112c963b8a425.jpg 425,258,1559,864,1
20250210_112026_020_jpg.rf.11c36dd528e54d7e257ef6ae360ef120.jpg 396,237,1589,889,1
20250210_112026_006_jpg.rf.0d74c672e98a0927130806f72ce1dbcf.jpg 362,92,1611,918,1
20250210_112317_027_jpg.rf.1956022151f619c1e9ee3680d0df7c2c.jpg 85,617,944,1697,1
20250210_112032_027_jpg.rf.18e424ebf9350e124ce91406bef7598e.jpg 476,151,1494,938,1
20250210_111952_030_jpg.rf.096849db538ed317d432a6c95c3ac906.jpg 0,496,672,1500,1
20250210_112317_017_jpg.rf.0ae6ab205726d6acd12e91d30ec3ee6c.jpg 1,0,831,1674,1
20250210_112026_015_jpg.rf.0d88577a5062b02a21ca38c3488628b2.jpg 425,211,1635,944,1
20250210_111952_018_jpg.rf.07d3047f991fa7769b51e0ef06b4c86f.jpg 9,714,929,1446,1
20250210_112026_003_jpg.rf.1c6fea42e4d82c8ef4b0ba3746708ba2.jpg 459,273,1580,844,1
20250210_112026_005_jpg.rf.2efbb4fe2672fb797c16f84a4a7abf80.jpg 393,181,1616,944,1
20250210_112309_007_jpg.rf.4afea298ffff218d0bd69e9323e1aa78.jpg 126,488,799,1619,1
20250210_112246_025_jpg.rf.67a40795be335d43d13479e1b1f340bf.jpg 162,250,729,1639,1
20250210_111952_028_jpg.rf.4155be4164aa34581aeda86e86b1b474.jpg 48,439,723,1467,1
20250210_112026_004_jpg.rf.1f1f9a8d6d154777c17a0ca3e477cedd.jpg 434,254,1571,857,1
20250210_112026_002_jpg.rf.3d2c6d109596f342aadb19df73739b53.jpg 450,255,1566,855,1
20250210_112026_016_jpg.rf.31ca162a42c3ebf85e17d6b0af2ddf87.jpg 402,177,1615,915,1
20250210_112026_010_jpg.rf.44503e4696e4277c718e3e8d008bd80e.jpg 423,237,1631,944,1
20250210_112246_025_jpg.rf.63c655bb6cec8a190e4787904983b75d.jpg 147,295,643,1650,1
20250210_112246_025_jpg.rf.301f0eee58d6ab3a698f8ec3eaa722c8.jpg 61,246,718,1682,1
20250210_112026_003_jpg.rf.4bea19856bb64ef7318f10d8d31ca27b.jpg 446,131,1674,901,1
20250210_111952_029_jpg.rf.48ed1ef9750588203dafc47713d0baea.jpg 0,462,686,1502,1
20250210_112309_004_jpg.rf.3901439a17a05c50bc431f24bd92bbae.jpg 9,421,783,1653,1
20250210_112026_006_jpg.rf.2d903e24f379b47d33ebcea81a01fb13.jpg 448,264,1587,833,1
20250210_111952_018_jpg.rf.5d84dde596edf80839eba6a283e82844.jpg 0,624,911,1553,1
20250210_112026_020_jpg.rf.388234fb2af42098608471da71f7890e.jpg 452,281,1571,832,1
20250210_112026_004_jpg.rf.2034b84f41cccb6533e6d6584a80de32.jpg 401,146,1641,911,1
20250210_112026_013_jpg.rf.68d85cb76d02d023968bdaa2c79611d8.jpg 365,135,1597,914,1
20250210_112026_014_jpg.rf.35859386e463578377b9bd4c997221ee.jpg 448,277,1572,831,1
20250210_112026_010_jpg.rf.442ad9c1c0a1abcf50177514f10f368d.jpg 423,111,1692,932,1
20250210_112026_006_jpg.rf.4930e9562eddaa0de550419524d43e90.jpg 421,112,1661,924,1
20250210_112026_005_jpg.rf.578de7c29629b139fe3c4def8ede7524.jpg 450,271,1585,855,1
20250210_112026_012_jpg.rf.54bc984631ea0971152e8e2489306121.jpg 408,241,1582,865,1
20250210_111952_029_jpg.rf.26d7affd140532eb3926e30fcdfae278.jpg 108,505,637,1438,1
20250210_112026_004_jpg.rf.3328566e3d78cc75cd4822b8ad2e1a56.jpg 381,206,1587,944,1
20250210_112026_017_jpg.rf.87bf95da172d5f4d4fcf528ef5361b3e.jpg 387,217,1580,878,1
20250210_112026_005_jpg.rf.6e35ab0330e46db920f002192c13ebdf.jpg 444,263,1636,944,1
20250210_112317_027_jpg.rf.78f3838543287d13f6cdb74a2e392bd0.jpg 61,614,940,1664,1
20250210_112026_014_jpg.rf.7cae85b4a1019164c158325ee0976951.jpg 443,287,1570,868,1
20250210_112309_004_jpg.rf.738a5c68ef5bed0db7c31025bd8f0366.jpg 3,418,821,1680,1
20250210_112026_016_jpg.rf.7b978d933ec524991991a43e5db4c2a6.jpg 418,159,1649,933,1
20250210_112317_017_jpg.rf.b857cf6ee2fb9cf9dcc946b6af05bbb1.jpg 0,31,835,1737,1
20250210_112026_018_jpg.rf.712d9fc1219fd10378ac5c3fe3df11d0.jpg 449,278,1559,815,1
20250210_112317_017_jpg.rf.9eb3632bf36631829c3136d594b82e6f.jpg 1,62,770,1664,1
20250210_112309_017_jpg.rf.ac0f878fcf8dfd87025684a9891b7bff.jpg 248,632,651,1356,1
20250210_112026_007_jpg.rf.99d5341b1f9a17367e80158e102f4591.jpg 420,117,1598,844,1
20250210_112026_015_jpg.rf.8eed62ac0415c0d150d46685cee69648.jpg 420,216,1624,944,1
20250210_112026_013_jpg.rf.9da3144d664a7afd27099150707821fa.jpg 452,279,1578,836,1
20250210_112026_024_jpg.rf.b55f07913acd7e06ba741cfdd4ebfa76.jpg 429,282,1508,914,1
20250210_111952_028_jpg.rf.865117d076bbd8b5814b92b4a93eda5d.jpg 29,464,659,1473,1
20250210_112026_012_jpg.rf.84941dc7a105bb5123d9bed57b72df1e.jpg 448,269,1572,835,1
20250210_111952_029_jpg.rf.b3bacca73deb4321d3a8a5baa443b9c0.jpg 60,498,643,1485,1
20250210_112317_027_jpg.rf.998ecb35d24928aa4fdf8325281e3e07.jpg 165,662,944,1586,1
20250210_112309_017_jpg.rf.6b6f92a6f0e843bec0ec633d4b4a1ccb.jpg 215,600,700,1373,1
20250210_112026_015_jpg.rf.a594ee411789f3dc845055bcd6d7a279.jpg 443,272,1570,826,1
20250210_112026_003_jpg.rf.7e4c13080a9a0dcba4364541f690fc1d.jpg 443,150,1599,846,1
20250210_112032_027_jpg.rf.b23d886ed9abf00b19997fa011e895f7.jpg 459,202,1407,876,1
20250210_112026_024_jpg.rf.b5b0e75b7eed9dd814dd6463555c7c74.jpg 509,325,1507,796,1
20250210_112309_007_jpg.rf.96a83bf6a0667c2c41be61b0093c8841.jpg 40,410,935,1666,1
20250210_112026_010_jpg.rf.88e1710946a99968a17ecbb53c269532.jpg 444,271,1580,834,1
20250210_112026_007_jpg.rf.c1b95eaa8cd1e93767dcba9d051bb1fc.jpg 449,259,1586,833,1
20250210_112032_027_jpg.rf.c528a1e16447da35b880fe9e7753a828.jpg 506,227,1419,885,1
20250210_112026_018_jpg.rf.ce643ef458ab92041b44a3d87d2d8d66.jpg 407,107,1581,862,1
20250210_111952_028_jpg.rf.c86cb924db79dd5f15d632e3dbf12c5c.jpg 74,488,643,1455,1
20250210_112026_002_jpg.rf.d40a2ca76a185be149acd05994817960.jpg 390,116,1613,925,1
20250210_111952_030_jpg.rf.d888c24df4788d70a5506ae091f0d070.jpg 119,515,637,1442,1
20250210_112026_017_jpg.rf.c2adf2553c7ef402fe50d8009423befa.jpg 437,267,1570,831,1
20250210_112026_020_jpg.rf.d709cfde92c4a17a9cdb066a035b1624.jpg 396,91,1613,908,1
20250210_112026_013_jpg.rf.daa490f85c95b67480a6a078beaa3369.jpg 418,289,1567,872,1